17
4
10
11
7
21
5
12
16
1
26
8
25
6
9
14
19
27
2
13
34
35
22
23
0
32
3
15
18
24
28
48
20
43
44
29
51
56
30
52
37
42
50
58
31
46
54
38
66
33
36
45
63
49
57
39
72
40
41
70
47
80
53
77
55
74
64
60
61
68
69
71
76
59
62
65
75
78
81
93
73
97
82
67
87
83
85
79
88
106
99
104
86
100
84
89
90
103
105
107
112
91
94
118
96
102
108
101
125
92
115
128
95
98
122
110
117
120
129
111
113
124
109
123
127
126
141
119
121
131
132
114
135
116
142
130
136
139
140
134
147
149
151
133
162
137
138
164
159
148
152
160
143
144
145
150
154
157
169
168
177
146
178
181
165
153
158
156
182
155
170
166
161
180
191
192
163
176
186
167
185
196
183
171
172
173
188
184
175
190
194
174
179
198
193
199
187
189
195
197
